1000
428 52
217 414
896 248
551 332
142 706
259 323
943 268
879 37
207 547
962 335
915 35
513 831
203 790
886 305
131 963
320 13
62 654
471 14
272 139
626 954
464 539
603 708
722 640
157 871
754 351
258 151
181 734
915 379
210 610
180 99
346 36
284 70
503 914
526 494
576 914
359 876
74 274
490 950
928 262
731 813
999 128
541 619
325 959
287 699
614 14
857 150
870 866
247 611
587 16
62 822
654 854
308 984
810 388
627 735
900 865
242 226
916 948
54 896
628 841
717 772
629 311
414 685
155 850
581 734
147 911
314 139
793 34
851 311
489 410
303 908
15 918
631 1
976 749
801 837
574 320
303 586
604 739
129 236
970 108
168 337
542 681
447 516
830 742
915 743
710 205
51 967
26 33
55 968
176 14
498 616
108 985
668 92
569 292
313 431
708 221
393 982
880 213
178 492
348 983
591 787
692 403
880 118
769 262
858 592
145 561
363 330
47 882
174 496
929 59
698 812
408 472
963 886
31 120
246 115
707 154
72 766
844 411
822 266
103 700
752 366
551 876
472 807
372 368
503 756
648 938
842 457
174 493
331 649
758 965
202 106
243 145
2 629
848 912
449 297
868 703
187 4
976 88
733 172
601 834
142 912
129 176
622 502
458 191
25 958
308 441
457 623
143 953
591 622
605 274
776 13
962 836
299 744
758 983
451 619
438 327
899 307
495 593
888 839
244 128
414 958
302 645
697 196
631 706
922 271
684 661
792 545
572 466
244 392
175 70
881 857
537 120
520 792
62 66
949 350
243 603
11 769
854 941
329 865
633 561
935 392
325 168
971 155
626 333
657 979
352 804
41 22
935 350
969 907
323 213
769 312
687 754
717 980
108 581
506 183
563 19
226 934
511 280
963 521
854 963
746 230
317 977
205 538
852 647
687 125
385 411
472 42
626 966
228 518
97 109
505 343
914 584
570 243
368 294
65 808
662 3
492 713
621 405
15 293
798 771
436 177
957 957
151 761
971 158
664 327
899 514
305 877
287 8
685 228
444 499
105 26
289 573
136 794
481 128
633 268
245 669
280 637
221 731
3 47
436 996
857 234
28 273
632 284
437 808
688 801
109 259
668 8
507 122
817 88
594 37
447 967
942 520
998 843
722 484
944 181
766 343
426 187
869 38
784 921
85 126
87 48
549 636
94 873
402 832
978 862
944 999
383 294
653 995
754 865
841 405
625 966
391 777
713 831
563 204
200 267
447 329
536 473
188 199
260 676
719 39
71 337
326 784
189 729
136 623
158 833
281 256
611 482
410 78
503 390
277 29
261 62
783 63
584 701
645 420
94 787
541 210
444 403
81 680
160 161
679 195
569 664
677 524
896 894
276 956
234 315
379 201
798 186
116 695
356 593
510 267
396 49
314 104
776 815
781 51
4 36
625 73
695 75
187 593
150 874
232 171
457 984
954 949
901 294
7 470
209 368
613 710
791 183
640 207
759 183
18 235
288 381
562 951
170 567
369 37
549 304
842 244
946 562
469 52
919 134
173 36
880 892
459 423
807 923
326 927
790 194
349 207
803 219
810 713
531 42
138 368
622 2
440 730
628 17
180 386
7 845
260 767
780 168
195 227
387 591
81 549
544 278
293 327
617 85
241 903
837 255
221 964
375 431
101 771
441 583
29 728
483 612
538 690
291 726
291 399
954 320
718 308
322 315
960 102
969 422
961 339
875 708
536 428
199 446
909 934
97 153
711 130
198 15
664 897
6 299
374 810
749 519
366 880
713 277
42 820
535 63
686 388
779 566
590 708
624 575
160 705
113 912
592 830
374 638
913 63
1 108
638 675
147 38
882 685
834 547
690 690
694 573
647 34
549 748
764 325
594 675
857 698
566 884
543 453
289 860
802 930
602 40
154 941
612 120
422 875
987 15
687 493
805 711
746 730
560 686
937 292
60 735
137 527
130 698
257 962
819 772
635 147
79 202
822 741
133 211
90 393
856 83
683 21
501 134
322 860
602 563
204 129
703 269
644 723
722 978
10 191
586 498
504 444
445 135
185 641
722 93
816 614
979 810
21 132
688 531
454 401
115 611
161 481
342 150
1000 551
482 24
344 463
742 854
585 891
75 779
923 546
981 128
555 860
90 896
231 490
319 731
44 135
534 628
164 588
640 359
510 49
408 477
695 816
773 225
913 270
206 598
142 323
915 814
840 458
823 137
386 618
773 652
493 442
342 915
622 320
742 449
854 860
864 99
330 826
620 457
113 891
475 594
785 488
355 192
440 942
119 751
652 230
834 287
779 990
670 561
455 459
891 419
833 431
328 401
40 81
226 128
732 802
254 46
485 393
41 603
964 763
980 216
199 181
407 689
937 142
945 702
388 819
195 142
208 705
698 938
839 869
360 66
395 747
470 282
243 758
167 912
592 137
471 377
196 958
106 240
493 781
870 78
316 760
369 192
345 223
76 771
231 875
865 116
439 31
66 805
647 972
728 608
766 865
362 122
249 870
63 950
313 451
511 264
950 673
910 196
505 739
251 791
965 811
935 904
341 605
620 907
520 862
593 687
516 743
409 531
500 350
378 199
517 995
219 447
266 27
488 68
732 481
705 305
498 37
207 229
526 909
319 15
101 565
59 176
701 550
168 200
134 207
385 380
104 225
915 247
532 947
301 210
235 40
644 478
409 617
993 431
866 621
92 934
125 329
685 940
102 963
605 776
810 51
445 288
923 410
625 287
548 3
127 153
238 66
646 266
892 934
823 937
15 654
924 74
365 440
472 886
720 721
898 361
444 734
499 339
250 524
983 854
43 754
499 264
698 422
339 470
998 607
990 768
175 245
622 927
865 370
676 379
17 586
277 361
623 576
958 431
886 421
111 581
751 122
616 459
657 409
608 647
411 984
641 504
905 602
380 491
300 800
882 583
552 660
975 212
909 557
877 875
753 826
115 675
551 6
747 383
409 130
686 564
357 976
251 844
4 768
963 162
520 212
42 630
418 96
111 965
918 345
960 171
816 268
239 631
132 698
636 841
847 380
672 468
226 988
475 576
122 211
611 156
152 356
762 232
857 487
171 202
766 762
388 551
271 52
174 63
635 793
436 318
106 149
244 716
449 701
900 10
949 797
623 250
696 637
789 116
6 42
621 417
688 990
994 53
405 722
211 793
365 469
618 240
38 89
613 191
953 899
724 166
935 866
596 416
339 721
587 106
475 538
333 542
292 124
161 709
330 917
901 941
343 737
759 37
244 108
851 558
353 967
349 247
308 487
645 507
882 90
417 184
873 590
746 56
513 948
999 861
615 235
568 118
869 854
112 109
939 706
326 21
576 644
933 956
886 775
820 488
963 914
623 509
692 180
931 630
772 517
242 208
61 880
233 11
887 348
282 253
501 578
645 825
209 512
119 583
798 273
469 67
27 32
843 339
364 994
505 701
636 891
99 135
626 134
913 719
392 213
871 736
761 345
489 285
788 681
616 558
688 433
69 211
813 810
13 852
135 660
756 734
840 278
891 309
881 907
286 235
563 672
539 225
143 122
633 565
183 269
204 98
153 421
981 796
44 64
572 369
790 875
117 195
599 40
91 479
897 962
317 480
803 280
764 829
671 467
86 888
755 814
665 367
860 55
70 594
476 499
967 472
288 924
872 302
54 274
850 309
845 83
175 29
883 98
48 258
120 539
717 277
283 331
975 607
862 486
157 997
115 162
694 631
243 817
490 129
351 870
886 55
45 818
373 983
952 578
106 919
326 778
874 118
642 367
227 611
996 521
517 526
785 960
968 729
212 406
857 415
965 215
982 768
167 299
22 203
351 19
710 904
276 437
140 645
11 69
589 76
310 847
700 610
3 681
792 941
235 649
314 210
74 745
396 30
351 358
906 921
728 849
865 88
41 590
195 478
529 377
822 710
592 750
520 941
87 356
295 561
856 483
246 315
881 369
470 328
850 287
874 291
662 457
17 250
618 573
187 852
803 977
766 556
852 52
488 994
860 162
135 962
677 775
401 42
48 107
938 527
490 51
119 935
660 29
455 504
799 73
917 361
367 567
139 264
117 311
969 940
565 976
121 601
272 798
39 393
474 63
147 546
699 115
40 871
474 748
371 128
200 105
681 893
690 125
453 889
355 12
204 675
466 68
543 817
373 123
97 165
664 889
226 170
553 713
146 701
806 464
932 834
826 952
95 236
338 309
982 286
101 683
268 44
135 437
483 221
116 382
178 343
482 98
87 554
979 910
947 703
448 264
676 70
337 803
191 431
852 756
435 721
927 760
260 503
52 338
820 160
44 660
460 282
559 839
645 316
358 353
621 372
52 218
908 229
439 682
420 762
303 229
298 625
516 469
924 418
757 656
300 866
198 7
661 450
690 205
603 94
218 62
272 93
643 377
19 1
320 836
354 693
610 425
588 620
681 72
387 960
724 240
875 844
366 387
305 607
285 779
11 784
617 404
928 275
246 473
263 701
230 590
999 546
787 217
477 871
470 883
133 897
873 13
397 483
216 548
174 689
