1000
1 67
2 0
1 24
2 58
2 64
1 45
1 27
1 91
3 42
3 36
3 4
2 53
0 82
1 16
2 95
3 26
3 38
1 12
3 99
3 94
3 11
2 33
1 64
1 11
1 68
3 44
2 57
1 59
3 41
1 78
0 35
2 42
0 6
0 42
0 48
2 5
2 29
2 50
2 1
1 48
1 23
0 54
0 40
2 76
3 8
0 39
2 23
1 38
2 82
1 41
1 15
3 58
0 30
1 6
1 86
1 45
0 72
2 29
1 73
1 12
2 90
1 36
3 67
3 74
3 52
2 50
1 24
2 30
3 91
3 37
1 87
1 83
1 9
1 58
1 88
2 46
2 30
1 68
0 91
2 55
2 59
0 37
0 83
3 41
2 50
3 36
2 20
0 21
0 99
0 84
1 34
1 99
2 38
0 88
3 67
0 93
0 83
3 21
2 17
1 14
1 16
3 51
0 49
3 56
2 3
0 8
0 9
1 2
3 85
1 43
3 87
2 3
0 0
2 18
0 96
2 81
1 98
1 57
0 22
2 92
2 79
2 57
2 91
3 88
0 11
2 34
0 55
0 46
2 86
3 33
1 42
0 16
1 98
2 51
1 99
1 76
0 89
3 12
0 10
3 69
1 88
1 89
3 23
2 85
2 85
0 26
1 57
0 32
1 54
1 89
0 29
0 92
1 55
2 49
1 12
1 60
2 53
3 23
3 96
3 29
1 37
2 49
1 95
1 16
2 5
0 82
3 34
2 1
0 71
2 63
1 55
1 53
0 8
0 45
1 56
1 58
2 82
1 44
0 22
1 61
3 50
1 66
0 59
0 39
1 24
2 10
1 49
2 13
2 22
0 18
3 5
2 91
2 25
1 14
2 24
2 74
0 59
1 70
3 97
2 77
1 70
3 68
0 85
2 80
1 27
2 99
3 25
3 24
3 72
1 81
3 32
1 93
1 31
0 42
2 86
0 0
3 60
1 74
2 70
3 33
3 60
0 67
1 50
0 94
3 24
3 25
0 94
2 2
3 66
2 93
3 84
2 64
3 52
0 87
0 26
2 57
2 15
0 27
3 58
0 9
2 86
1 87
1 74
1 27
1 28
3 20
2 62
3 96
1 61
3 25
0 60
2 16
2 26
3 71
3 47
1 20
2 24
0 63
0 51
2 29
0 13
2 78
1 7
1 0
2 39
3 60
1 24
1 8
1 87
1 50
0 28
1 84
1 40
3 4
3 56
0 50
3 85
0 16
2 57
2 57
1 71
1 61
0 22
1 12
1 96
1 41
3 29
1 65
3 32
0 55
1 62
0 34
2 72
1 69
0 63
3 83
3 35
3 48
3 38
3 42
2 11
1 75
3 25
1 70
2 34
1 83
2 98
3 1
1 34
1 34
0 93
0 5
2 48
1 0
1 41
3 55
2 62
3 77
0 78
0 43
0 73
0 13
3 72
2 10
1 32
0 95
1 31
0 88
1 90
1 89
2 45
1 14
3 40
0 58
3 59
0 5
0 81
3 29
3 8
0 97
1 56
1 27
3 41
1 40
1 74
1 77
3 83
1 92
0 1
0 59
2 28
3 84
3 86
2 70
3 47
0 3
1 63
2 63
2 71
1 40
0 42
3 13
3 4
2 32
2 5
3 39
3 22
2 47
0 48
3 64
1 75
1 12
2 78
1 62
3 85
1 44
1 40
1 8
2 70
1 23
0 72
0 87
2 63
1 3
3 27
0 69
3 65
0 43
3 88
3 37
1 63
1 81
0 42
0 60
1 58
2 88
2 90
1 43
2 20
0 67
0 83
3 26
1 38
1 29
0 48
3 59
1 66
0 55
2 26
3 25
3 1
1 96
0 15
0 42
3 13
2 96
0 72
2 6
1 29
0 5
2 12
3 93
1 36
0 41
2 94
0 52
0 38
2 55
3 31
2 41
1 11
1 86
2 50
2 34
1 53
0 52
0 62
1 54
3 34
3 56
0 24
1 13
1 28
0 80
2 58
2 55
1 64
3 76
3 9
2 61
1 48
2 53
2 20
2 23
3 69
2 59
0 19
3 3
1 81
0 92
1 13
2 89
2 38
1 10
1 34
0 61
3 93
3 69
1 69
2 0
3 64
1 15
3 15
2 39
0 88
2 54
1 10
0 74
0 15
3 41
3 79
2 98
1 88
1 32
0 89
1 8
1 90
3 63
0 84
2 0
3 85
2 71
1 67
1 95
0 25
0 29
2 98
1 93
2 80
0 49
3 28
3 64
1 5
2 16
0 26
2 87
1 64
0 86
1 62
1 64
1 15
2 73
0 41
1 62
3 31
2 68
2 2
3 7
1 12
0 30
2 9
0 56
2 93
0 52
2 45
0 48
3 12
3 14
3 58
2 4
3 52
1 79
2 23
2 66
3 98
2 96
2 33
2 22
2 92
1 25
3 58
2 7
2 30
0 0
2 99
0 48
2 40
3 75
2 67
0 97
2 97
0 51
0 30
1 25
2 29
0 40
0 47
2 55
3 92
1 54
2 46
2 46
0 69
2 63
3 15
1 75
3 28
2 70
1 64
1 62
1 24
1 69
2 23
2 33
1 10
1 36
1 78
1 36
2 64
3 49
3 5
1 4
1 23
0 70
0 68
1 85
0 73
0 94
0 26
0 72
1 40
2 19
3 11
1 89
3 65
1 85
0 50
3 9
0 66
1 74
1 0
3 73
1 61
0 68
2 31
0 26
2 22
2 79
2 52
2 91
3 64
2 64
2 55
0 74
0 21
2 47
1 89
1 95
2 50
3 54
1 12
0 39
0 12
2 67
0 15
0 23
3 34
0 86
3 58
1 6
2 0
3 92
3 32
0 74
3 21
3 22
3 76
3 48
3 82
2 76
0 11
2 56
2 25
0 86
1 69
3 34
1 68
0 91
0 83
0 27
2 71
1 12
3 27
0 45
0 85
2 37
3 13
1 50
0 11
2 49
0 54
1 81
1 67
1 93
2 72
0 30
1 42
1 77
2 2
0 81
2 23
1 23
3 95
1 27
2 10
2 58
2 87
2 28
3 58
1 60
3 86
2 10
0 28
2 41
2 3
3 65
2 81
1 50
2 98
2 61
3 56
3 78
1 35
1 75
2 86
1 60
2 48
0 92
1 40
2 35
2 99
1 92
2 28
0 69
0 94
0 52
3 32
3 8
0 97
3 49
3 41
1 0
0 48
3 51
2 33
3 0
2 90
1 19
0 78
3 44
0 87
3 25
3 38
0 93
0 11
0 34
0 97
1 29
0 5
3 92
2 49
2 79
3 77
1 93
0 97
2 76
2 82
2 59
2 89
3 49
0 72
0 8
3 8
1 3
2 7
0 74
2 11
3 61
0 90
3 83
0 32
0 41
2 13
2 96
0 15
0 99
0 80
2 32
3 84
0 17
2 70
1 82
1 23
2 5
1 95
0 16
2 78
3 58
1 50
3 29
1 95
2 76
1 99
0 65
1 8
0 43
1 14
0 55
3 73
2 48
3 86
0 46
1 17
1 16
2 91
1 12
2 93
3 15
1 57
0 52
0 51
3 26
2 55
3 94
0 97
1 65
1 61
2 78
2 40
3 47
1 70
3 89
2 49
1 65
2 82
3 32
0 67
2 82
2 41
3 87
1 79
1 38
3 47
0 46
0 59
1 22
2 86
3 28
2 60
1 77
0 3
1 31
2 55
1 6
0 21
0 81
1 55
3 24
2 35
0 74
3 98
2 53
2 35
3 88
1 32
3 80
2 78
2 1
1 99
3 63
0 73
1 45
1 74
2 53
1 87
3 10
3 65
0 29
1 12
0 81
3 90
3 5
0 32
1 20
1 31
2 93
2 78
0 6
3 66
0 97
0 94
1 88
1 84
1 78
1 15
2 84
0 6
0 97
2 90
3 85
2 99
0 10
3 13
3 85
2 80
3 67
3 44
2 7
0 27
2 31
0 71
0 93
1 37
3 4
1 6
0 22
1 0
2 37
2 88
3 89
3 81
1 84
3 61
1 17
1 82
3 65
1 4
0 95
1 21
0 81
0 6
0 43
1 80
0 68
3 13
0 51
0 79
0 40
3 33
3 63
3 53
0 95
1 74
0 35
0 76
3 25
3 8
3 56
2 32
1 40
3 62
1 62
0 36
1 2
0 80
0 76
2 93
0 46
2 73
1 80
3 72
0 7
3 66
1 88
1 68
3 96
1 9
0 36
3 62
3 42
1 22
0 48
2 68
1 14
2 90
3 59
1 95
3 40
3 99
1 91
1 81
0 53
1 29
3 42
1 83
0 14
2 44
3 29
0 64
1 70
1 47
2 87
2 76
3 40
3 90
0 10
3 45
1 70
3 89
3 78
3 6
2 35
3 96
1 88
3 79
1 90
2 65
1 5
3 67
1 34
3 57
2 45
1 18
2 44
0 63
0 64
1 23
2 4
1 27
1 92
3 63
1 63
1 65
1 45
2 95
1 22
0 51
3 55
1 38
3 82
